ab <- 34
cd <- 22
ef <- 13
end
	
